Sets
City /AddisAbaba
Semera
BahirDar
Asosa
DireDawa
Gambela
Harar
Jijiga
Awasa
Mekelle
Gondar
Jimma
Werder
Goba
/
;

Sets Adap /
A1
H2
H3
H4
H5
M1
M3
M5
SA1
SA3
SH1
SH3
SM2
SM2N

/
;

Table Psi(City, Adap)
            A1          H2          H3          H4          H5          M1          M3          M5          SA1         SA3         SH1         SH3         SM2         SM2N
AddisAbaba  0.009546    0.000834    0.090892    0.173497    0.011671    0.078334    0.279230    0.000000    0.008141    0.264891    0.028744    0.118586    0.008441    0.000000
Semera      0.160898    0.000000    0.000000    0.000000    0.047856    0.047604    0.082248    0.257968    0.000000    0.037174    0.000000    0.000000    0.000000    0.039377
BahirDar    0.000000    0.000000    0.000000    0.014001    0.094127    0.116747    0.272520    0.464157    0.000000    0.117080    0.062966    0.089100    0.000000    0.060854
Asosa       0.000000    0.000000    0.000000    0.000000    0.000000    0.090558    0.000199    0.000000    0.000000    0.000000    0.250796    0.065128    0.000000    0.000000
DireDawa    0.106583    0.000000    0.000616    0.000000    0.000000    0.014365    0.007840    0.000000    0.000000    0.015612    0.001456    0.058352    0.007516    0.000000
Gambela     0.000000    0.139986    0.129020    0.001409    0.000000    0.005487    0.000000    0.000000    0.000000    0.000000    0.425754    0.098347    0.000000    0.000000
Harar       0.007865    0.000000    0.000000    0.000000    0.000000    0.000857    0.010091    0.000000    0.000000    0.031996    0.001996    0.016775    0.364640    0.000000
Jijiga      0.111993    0.000000    0.000000    0.000000    0.000000    0.000410    0.004841    0.000000    0.000000    0.014684    0.000000    0.000000    0.098121    0.000000
Awasa       0.000000    0.238990    0.167039    0.483304    0.088747    0.067852    0.146468    0.000000    0.579572    0.089855    0.060380    0.151805    0.000000    0.000000
Mekelle     0.057018    0.000000    0.000000    0.000000    0.163971    0.002334    0.000334    0.051157    0.053166    0.367671    0.000000    0.000000    0.001555    0.484528
Gondar      0.000000    0.000000    0.000000    0.000000    0.000000    0.104813    0.128192    0.226718    0.184495    0.060691    0.000000    0.000000    0.000000    0.415240
Jimma       0.000000    0.564399    0.355967    0.051986    0.000000    0.083968    0.001306    0.000000    0.119698    0.000000    0.149097    0.345062    0.000000    0.000000
Werder      0.427870    0.000000    0.000000    0.000000    0.000000    0.000000    0.000000    0.000000    0.000000    0.000000    0.000000    0.000000    0.000000    0.000000
Goba        0.118227    0.055791    0.256466    0.275804    0.593628    0.386672    0.066731    0.000000    0.054928    0.000347    0.018811    0.056845    0.519729    0.000000
;

Display Psi;

Positive Variable Phi(Adap, City);
Variable Obj;

Alias (city, k);
Alias (adap, i,j,l);

Equation
Cons(i,l)
ObjEq
;

Cons(i, l).. sum(k, Psi(k,l)*Phi(i, k) ) =e= 1$(sameas(i,l));
ObjEq.. Obj =e= sum((Adap, city), Phi(Adap, City));

Model M/all/;

Solve M max Obj use LP;
Display Phi.L;